circle = [
    [0.23, -0.09, 0.01, -0.10999999999999999, 0.06, -0.05, 0.12, 0.03, -0.020000000000000004, -0.21000000000000002, 0.09, -0.03, -0.06, 0.1, 0.03, -0.16999999999999998, 0.07, 0.04, 0.1, -0.11],
    [0.07, 0.0, -0.08, -0.11, -0.03, 0.08, -0.12, 0.01, -0.07, 0.05, 0.09, -0.08, -0.04, 0.01, -0.09, -0.01, 0.05, 0.0, -0.05, -0.12, 0.0, -0.1, 0.03, -0.04, 0.03999999999999999, -0.12, 0.05, 0.01, 0.02, -0.11, -0.11, 0.11, 0.06, 0.11, -0.06, 0.03, -0.02, -0.18, 0.11, 0.06, -0.09, -0.11, -0.1, 0.01, 0.05, 0.04, 0.03, 0.05, -0.05, 0.05, 0.08, 0.07, 0.05, 0.03, 0.08, 0.02, 0.12, -0.09, -0.07, -0.01, -0.08, -0.1, 0.11, -0.07, -0.01, -0.1, 0.09, -0.1, 0.0, -0.11, -0.06, 0.09, -0.08, 0.08, -0.0, -0.11, -0.08, 0.03, 0.05, 0.09999999999999999, 0.01, 0.21000000000000002, -0.01, -0.030000000000000002, 0.03, 0.04, -0.09, -0.11, -0.13, -0.1, 0.05, -0.08, 0.04, 0.1, 0.09, -0.08, -0.02, 0.08, 0.07, 0.04, 0.08, -0.11, -0.11, -0.020000000000000004, 0.08, 0.1, -0.01, -0.06, 0.05, 0.05, 0.08, -0.1, -0.06, -0.06] 
]
good = [
    [0.06, -0.09000000000000001, 0.38, -0.01999999999999999, -0.39, 0.31999999999999995, -0.01, 0.15000000000000002, -0.06000000000000001, -0.15, -0.15999999999999998, 0.18, -0.26, -0.09, 0.09999999999999999, 0.17, -0.03, -0.07, -0.03, -0.21000000000000002, 0.11, -0.58, -0.06, 0.05, -0.04, 0.06000000000000001, -0.04, -0.04000000000000001, 0.41000000000000003, 0.020000000000000018, 0.10999999999999999, -0.04999999999999999, -0.19, -0.09, 0.09999999999999999, 0.16000000000000003, 0.2, 0.1, -0.06, -0.04000000000000001, 0.08000000000000002, 0.07, -0.01, 0.13, 0.22000000000000003, -0.23, 0.08, 0.29000000000000004, -0.13, -0.0, 0.11, 0.06, 0.25, -0.25, -0.29000000000000004, -0.07, -0.11, 0.48000000000000004, -0.48, -0.020000000000000004, -0.16999999999999998, -0.08000000000000002, 0.26, 0.06, 0.09000000000000001, -0.06, -0.12000000000000001, -0.09, 0.0, -0.17, -0.21999999999999997, 0.06, 0.039999999999999994, -0.18, -0.21000000000000002, -0.25, -0.21000000000000002, 0.25, 0.07999999999999999, 0.15000000000000002, -0.11, -0.18, 6.938893903907228e-18, -0.19999999999999998, -0.09999999999999999, -0.17, 0.26, -0.27, -0.07000000000000002, 0.15000000000000002, 0.36, -0.03, 0.24000000000000002, 0.0, 0.1, -0.09, 0.1, 0.04, 0.05, -0.2, -0.07, -0.05, -0.009999999999999995, 0.23, 0.32, -0.01, 0.04000000000000001, -0.4, -0.38, 0.12000000000000001, -0.11, 0.28, -0.1, -0.07] ,
    [-0.04000000000000001, -0.09000000000000002, 0.33, 0.020000000000000004, -0.029999999999999992, 0.0, 0.10000000000000002, 0.21000000000000002, -0.01, -0.22999999999999998, -0.040000000000000036, 0.15, -0.020000000000000004, -0.13, 0.09, -0.1, 0.15000000000000002, 0.05, 0.07, 0.0]
]
all = [
    [-0.04000000000000001, -0.26, 0.38, -0.01999999999999999, -0.5800000000000001, 0.13999999999999996, 0.16999999999999998, 0.15000000000000002, -0.06000000000000001, -0.28, -0.15999999999999998, 0.18, -0.4, -0.09, 0.09999999999999999, 0.17, -0.03, -0.07, -0.03, -0.09000000000000002, 0.11, -0.41999999999999993, -0.06, -0.09000000000000001, -0.04, 0.06000000000000001, -0.04, -0.04000000000000001, 0.56, 0.020000000000000018, 0.10999999999999999, -0.04999999999999999, -0.28, -0.08, 0.09999999999999999, 0.16000000000000003, 0.2, 0.11000000000000004, 0.07, -0.24, 0.08000000000000002, -0.03, -0.01, 0.08, 0.22000000000000003, -0.11000000000000001, -0.029999999999999992, 0.29000000000000004, -0.13, -0.0, -0.05, 0.04999999999999999, 0.25, -0.25, -0.16000000000000003, -0.07, -0.29, 0.48000000000000004, -0.48, 0.11, -0.24, -0.21000000000000002, 0.23, 0.06, 0.1, -0.06, -0.06000000000000001, -0.07, 0.0, -0.17, -0.10999999999999997, 0.06, 0.12, -0.49, -0.21000000000000002, -0.25, -0.17, 0.25, 0.07999999999999999, 0.15000000000000002, -0.09, -0.35, -0.17, -0.19999999999999998, -0.09999999999999999, -0.17, 0.26, -0.27, -0.05000000000000002, 0.14000000000000004, 0.36, -0.16, 0.24000000000000002, -0.09, 0.1, -0.03, 0.1, 0.09, 0.05, -0.2, -0.07, -0.05, -0.15, 0.23, 0.32, -0.06999999999999999, -0.13999999999999999, -0.27, -0.45, 0.12000000000000001, -0.11, 0.36000000000000004, -0.11, -0.07],
    [-0.04000000000000001, 0.33999999999999997, 0.4, 0.020000000000000004, -0.13, -0.02, 0.24, 0.22, 1.3877787807814457e-17, -0.22, 0.04999999999999997, 0.15, 0.0, -0.15000000000000002, 0.2, -0.26, 0.27, 0.13999999999999999, 0.07, 0.0]
]
dif_map = [
    [-0.04000000000000001, -0.26, 0.26, -0.01999999999999999, -0.5800000000000001, 0.13999999999999996, 0.16999999999999998, 0.15000000000000002, -0.06000000000000001, -0.28, -0.15999999999999998, 0.18, -0.55, -0.09, 0.09999999999999999, 0.17, -0.03, -0.07, -0.03, -0.09000000000000002, 0.11, -0.41999999999999993, -0.06, -0.09000000000000001, -0.04, 0.06000000000000001, -0.04, -0.04000000000000001, 0.56, 0.020000000000000018, 0.10999999999999999, -0.04999999999999999, -0.28, -0.08, 0.09999999999999999, 0.16000000000000003, 0.24000000000000002, 0.18000000000000005, 0.07, -0.24, -0.029999999999999985, -0.03, -0.01, 0.08, 0.22000000000000003, -0.11000000000000001, -0.029999999999999992, 0.29000000000000004, -0.24, -0.0, -0.05, 0.04999999999999999, 0.25, -0.25, -0.16000000000000003, -0.07, -0.44999999999999996, 0.48000000000000004, -0.48, 0.11, -0.15999999999999998, -0.21000000000000002, 0.32, 0.06, 0.1, -0.039999999999999994, -0.06000000000000001, -0.07, 0.0, -0.17, -0.10999999999999997, 0.06, 0.12, -0.49, -0.21000000000000002, -0.25, -0.17, 0.25, 0.07999999999999999, 0.15000000000000002, -0.09, -0.35, -0.17, -0.19999999999999998, -0.09999999999999999, -0.17, 0.26, -0.27, -0.05000000000000002, 0.020000000000000046, 0.36, -0.16, 0.33, -0.09, 0.1, -0.03, 0.1, 0.09, 0.020000000000000004, -0.2, -0.07, -0.12000000000000001, 0.0, 0.23, 0.32, -0.06999999999999999, -0.13999999999999999, -0.27, -0.45, 0.12000000000000001, -0.11, 0.4600000000000001, -0.11, -0.07],
    [-0.12000000000000001, 0.5, 0.45, 0.020000000000000004, -0.13, -0.02, 0.24, 0.31, 0.040000000000000015, -0.22, 0.04999999999999997, 0.12, 0.0, -0.010000000000000009, 0.2, -0.26, 0.27, 0.13999999999999999, 0.07, 0.0]
]